10 27.0243485314442 -1.1457628381751 27.7238 -0.935152
10.1024 27.0243127863291 -1.15749227383742 27.1701 -0.649412
10.2059 27.0242762874825 -1.16934761069277 27.9767 -0.166355
10.3104 27.0242390588688 -1.18131739026506 27.6717 -1.36502
10.416 27.0242010534462 -1.19341306275012 27.5169 -1.91924
10.5226 27.0241622956764 -1.20562316968038 27.2351 -1.11443
10.6304 27.02412270064 -1.21797061483861 27.7791 -0.655813
10.7392 27.0240823294728 -1.23043248557613 27.311 -1.53862
10.8492 27.0240410955095 -1.24303168504779 27.3311 -0.398815
10.9603 27.023999023085 -1.25575675446949 27.2636 -1.37995
11.0726 27.0239560610405 -1.26861914246485 27.3184 -0.988727
11.1859 27.0239122730529 -1.28159593681343 27.3616 -0.010556
11.3005 27.0238675296196 -1.29472149263826 27.334 -1.17637
11.4162 27.0238218945371 -1.30797289759148 27.4401 -1.37943
11.5331 27.0237753145267 -1.32136159934826 27.1791 -1.34961
11.6512 27.0237277750052 -1.33488759202629 27.6079 -1.88591
11.7705 27.0236792612407 -1.34855086960685 27.6489 -0.876197
11.8911 27.0236297170622 -1.36236287861095 27.6537 -0.617512
12.0128 27.0235792095992 -1.37630070725018 27.6867 -1.39811
12.1359 27.0235275985229 -1.39039870670996 27.4129 -0.466837
12.2601 27.0234749936329 -1.40462251275914 28.0144 -1.11628
12.3857 27.0234212517179 -1.41900647545608 27.4387 -1.13869
12.5125 27.0233664413956 -1.43352768307067 27.7519 -2.14054
12.6407 27.0233104590771 -1.44820903221068 27.6743 -360
12.7701 27.0232533747912 -1.46302761137983 28.6062 -1.94464
12.9009 27.0231950828229 -1.47800631624515 28.8884 -1.59124
13.033 27.0231356093978 -1.49313368693187 28.2841 -1.5872
13.1665 27.0230748909641 -1.50842116643438 27.667 -1.95836
13.3013 27.0230129542879 -1.52385729480403 27.7398 -2.14461
13.4375 27.0229497345165 -1.5394535143207 27.9792 -2.74879
13.5751 27.0228852118458 -1.55520981567676 28.1934 -1.21194
13.7141 27.02281936627 -1.57112618934878 28.0811 -2.42852
13.8546 27.0227521294828 -1.58721407595815 28.3558 -1.23902
13.9964 27.022683576781 -1.60345056462926 28.4606 -1.84616
14.1398 27.0226135417676 -1.61986999570858 28.4663 -1.95567
14.2846 27.0225420997985 -1.63644945802126 27.3322 -1.94648
14.4309 27.0224691797348 -1.65320039050477 27.4653 -2.45766
14.5786 27.0223948094055 -1.67011133222893 27.4561 -0.869721
14.7279 27.0223188651003 -1.687205170464 27.8675 -2.74889
14.8787 27.0222413736738 -1.70447044354644 27.6413 -1.04983
15.0311 27.0221622594768 -1.72191858796485 28.1881 -0.674817
15.185 27.0220815499157 -1.73953814188389 28.6306 -1.49095
15.3405 27.0219991677922 -1.75734054078472 29.1553 -2.05249
15.4976 27.021915087294 -1.77532577081499 28.6445 -1.56645
15.6563 27.0218292823458 -1.79349381780118 28.8187 -0.586085
15.8167 27.0217416717125 -1.81185611494366 27.8018 -360
15.9786 27.0216523380288 -1.83038975177347 27.5101 -1.8517
16.1423 27.0215610880394 -1.84912905550119 28.0296 -1.07871
16.3076 27.0214680043824 -1.86805111518325 28.1305 -1.78527
16.4746 27.0213730024622 -1.88716736165668 28.0298 -3.23046
16.6433 27.0212760528464 -1.9064777779082 28.2559 -0.989635
16.8137 27.021177125807 -1.92598234653279 28.3509 -1.19506
16.9859 27.0210761323735 -1.94569249567334 28.1823 -0.963287
17.1598 27.0209730999702 -1.96559676063196 28.1765 -0.724094
17.3356 27.0208678776506 -1.98571801356721 28.0604 -2.72133
17.5131 27.0207605523467 -2.00603334349748 27.8006 -2.08684
17.6924 27.0206510314094 -2.02655417573379 27.282 -2.01506
17.8736 27.0205392193886 -2.04729193397622 27.5095 -1.97768
18.0566 27.0204251432772 -2.06823515178535 27.9919 -1.00351
18.2416 27.0203086423791 -2.08940669520052 27.9025 -4.02663
18.4284 27.0201898062571 -2.11078365282166 27.1363 -2.37249
18.6171 27.0200685355124 -2.13237744510237 27.562 -2.59431
18.8077 27.019944793032 -2.15418804771865 27.3621 -1.48924
19.0003 27.0198184754171 -2.17622687842277 27.2846 -2.07546
19.1949 27.0196895428019 -2.19849391075083 28.0535 -2.54401
19.3915 27.0195579549138 -2.22098911762285 27.7303 -2.09099
19.59 27.019423739032 -2.24370102974024 27.8573 -2.60423
19.7907 27.0192866501957 -2.26666394353588 27.4733 -2.51448
19.9933 27.0191468507889 -2.28984350524206 28.4647 -1.7801
20.1981 27.0190040908346 -2.31327400777489 27.5937 -2.3291
20.4049 27.0188584652936 -2.33693253830765 27.8969 -2.35737
20.6139 27.0187097884214 -2.36084194521812 27.5245 -2.48241
20.825 27.0185580849175 -2.38499075506024 27.3698 -1.86752
21.0382 27.0184033089744 -2.40937893412285 27.493 -3.6187
21.2537 27.01824526692 -2.43402932490672 27.4585 -2.23523
21.4713 27.0180840564683 -2.4589190134855 27.6002 -2.60054
21.6912 27.0179194799903 -2.48407083902661 27.6477 -2.47497
21.9133 27.0177515612421 -2.50947332479401 27.3964 -2.85503
22.1377 27.0175801730185 -2.53513786840638 27.1247 -3.55882
22.3644 27.0174052620424 -2.56106442848059 27.5865 -2.70328
22.5934 27.0172267745033 -2.58725296267916 27.8959 -3.76733
22.8248 27.0170445769222 -2.61371486302024 27.6224 -3.34946
23.0585 27.016858691947 -2.64043864890461 27.5289 -2.95665
23.2947 27.0166689026311 -2.66744714367953 27.2709 -4.01366
23.5332 27.016475311239 -2.69471743028625 27.7721 -3.52928
23.7742 27.0162776964062 -2.72227232789493 27.9724 -3.15855
24.0177 27.0160759960277 -2.75011178482376 27.8639 -3.77414
24.2636 27.0158702314744 -2.7782243159574 29.1601 -2.5172
24.5121 27.0156601720407 -2.80663273221628 27.8893 -2.90635
24.7631 27.0154458369969 -2.83532554548372 27.7902 -3.66466
25.0167 27.0152270750355 -2.86431412969994 28.2164 -2.55932
25.2729 27.0150038182755 -2.89359842522016 27.8943 -3.72829
25.5317 27.0147759981611 -2.92317837102609 27.7708 -4.56289
25.7932 27.0145434560857 -2.95306533344526 28.8401 -3.71635
26.0573 27.0143062097029 -2.98324781865256 28.4016 -2.74818
26.3241 27.0140640972049 -3.01373718881398 27.3798 -3.76409
26.5937 27.0138169523992 -3.04454480202857 27.6768 -2.73695
26.866 27.0135647907639 -3.0756591598382 27.4245 -4.60717
27.1412 27.0133073487259 -3.10710304128694 27.6122 -3.36872
27.4191 27.0130447342469 -3.13885351907421 27.6976 -2.42681
27.6999 27.0127766784089 -3.17093336609909 27.9602 -2.56594
27.9835 27.0125031945295 -3.203331077707 28.0573 -3.76764
28.2701 27.0122240053174 -3.23606941822385 27.5042 -3.73637
28.5596 27.0119391214514 -3.26913687849088 27.7043 -4.36015
28.8521 27.0116483569274 -3.30254479262986 27.2633 -4.46238
29.1475 27.0113517227009 -3.33628164897867 27.3948 -4.36748
29.446 27.0110489270904 -3.370370195611 27.4225 -4.56968
29.7476 27.0107398752764 -3.4048103345909 27.4486 -4.14714
30.0522 27.0104245755315 -3.43959054780821 27.1377 -3.93974
30.3599 27.0101028292285 -3.47472215235719 28.9777 -5.67995
30.6708 27.0097744325902 -3.51021645964056 27.9793 -4.23715
30.9849 27.0094392838268 -3.54607335984022 28.1864 -5.6231
31.3022 27.0090972801478 -3.58229274061293 27.9458 -5.05561
31.6228 27.0087482083338 -3.61888590055049 27.6531 -4.44034
31.9466 27.0083920708081 -3.65584130676017 27.7207 -4.85481
32.2738 27.0080285384295 -3.69318166223676 27.6502 -4.00157
32.6043 27.0076576103933 -3.73089542757583 27.8384 -4.70188
32.9381 27.0072791754087 -3.76898247401823 27.9219 -4.40118
33.2754 27.0068928909321 -3.80746548715617 27.579 -4.24305
33.6162 27.0064986365648 -3.8463443261672 28.9513 -5.10441
33.9605 27.006096290725 -3.8856188469817 27.9864 -4.25378
34.3082 27.0056858492904 -3.92527749677263 27.7347 -4.91674
34.6596 27.0052668323994 -3.96535434118374 27.5444 -4.57586
35.0145 27.0048393497993 -4.0058264129443 27.3985 -4.8866
35.3731 27.0044030305958 -4.04671635856432 27.9407 -6.34853
35.7353 27.0039578633899 -4.08801260892582 27.1738 -5.18024
36.1012 27.0035035909255 -4.12972639527597 28.1045 -5.66993
36.4709 27.0030399496583 -4.17186894021803 27.6852 -4.94415
36.8444 27.002566796955 -4.21444006013642 27.6128 -6.11177
37.2217 27.0020839888102 -4.25743956721689 27.2096 -5.8975
37.6029 27.0015912499394 -4.30087866408676 27.5722 -5.694
37.988 27.0010884296601 -4.34475715037223 28.0011 -4.79163
38.377 27.0005753758539 -4.38907482113493 29.0215 -5.68726
38.77 27.0000518010752 -4.43384285746834 28.6051 -4.7124
39.167 26.9995175462848 -4.47906104088046 28.2765 -3.72721
39.5681 26.9989723143255 -4.5247405357623 28.0791 -4.59421
39.9733 26.9984159390194 -4.57088110925435 27.8643 -5.59603
40.3826 26.9978482526195 -4.61748252320525 27.5888 -5.72562
40.7962 26.9972688042085 -4.6645673008338 27.2575 -5.58574
41.214 26.9966775566086 -4.71212380203027 28.1919 -4.88327
41.636 26.9960743330084 -4.76015176732881 28.4132 -5.12248
42.0624 26.9954586647437 -4.80867368869539 27.8709 -5.59469
42.4931 26.9948305095449 -4.85767790806051 27.9783 -5.55381
42.9283 26.9941893851054 -4.90718689357686 28.0587 -5.39864
43.3679 26.9935352441311 -4.95718897260971 27.2152 -5.94514
43.812 26.9928677413877 -5.0076952163826 27.6691 -4.88801
44.2606 26.9921866763703 -5.05870531220777 28.0607 -5.71022
44.7139 26.9914915384954 -5.11024167684111 28.0893 -6.31618
45.1718 26.9907822699425 -5.16229260588844 27.6193 -5.97208
45.6344 26.9900585026803 -5.21486912380455 27.8917 -5.63562
46.1017 26.9893200192659 -5.26797087715639 28.0702 -4.69738
46.5738 26.9885664398501 -5.3216088651453 27.2329 -6.1076
47.0507 26.9877975381901 -5.37578271227742 27.6268 -6.67394
47.5326 26.9870127586548 -5.43051474766211 28.7519 -6.54226
48.0193 26.98621219165 -5.48578185737071 27.8633 -5.60516
48.5111 26.9853951037847 -5.54161769681688 27.6314 -6.87414
49.0078 26.9845615827696 -5.59799913585448 27.9391 -5.6186
49.5097 26.9837108758469 -5.65495979181712 28.3196 -6.65699
50.0167 26.9828428958655 -5.71248786295177 28.3147 -7.09508
50.5289 26.9819572126483 -5.77059423304194 28.3832 -7.53625
51.0463 26.9810535623113 -5.82927842525883 28.5383 -4.91835
51.5691 26.9801313240602 -5.88856262919809 28.8815 -4.67034
52.0972 26.9791903977394 -5.94843499572415 28.3533 -7.67662
52.6307 26.9782303261444 -6.0089063413073 27.836 -6.47502
53.1696 26.9772508250946 -6.06997612971344 28.6188 -7.16942
53.7141 26.9762512389397 -6.13166646960765 29.0697 -5.82789
54.2642 26.9752312674761 -6.19397678474821 28.8177 -7.14863
54.8199 26.9741906078429 -6.25690648596038 27.6673 -7.73867
55.3813 26.9731287644578 -6.320466291213 28.4565 -6.61429
55.9484 26.9720454235051 -6.38465557640024 28.7192 -7.19856
56.5213 26.970940074565 -6.44948501812148 27.4812 -7.88711
57.1001 26.9698121967939 -6.51496526715172 28.1664 -8.38749
57.6849 26.9686612587641 -6.58110694764663 28.2375 -8.06597
58.2756 26.9674871178167 -6.64789804516845 28.1898 -7.7423
58.8724 26.9662890310659 -6.71536044933332 28.7699 -6.5108
59.4753 26.9650666442566 -6.78349341008861 28.1357 -6.90468
60.0843 26.9638196001245 -6.85229616073101 28.6204 -7.82514
60.6996 26.9625471227631 -6.92179050311208 28.4589 -6.78757
61.3212 26.9612488365758 -6.99197561623609 28.3286 -8.12368
61.9492 26.9599241508302 -7.06286194682002 28.4215 -6.62564
62.5835 26.958572891417 -7.13443734427821 28.5299 -9.74146
63.2244 26.9571940246799 -7.20673476846239 28.639 -8.17437
63.8719 26.9557871432302 -7.27975329090295 28.9892 -8.02049
64.526 26.954351836295 -7.35349196255882 27.7366 -8.74579
65.1867 26.9528876897506 -7.4279498135158 28.5298 -8.11326
65.8543 26.9513936114579 -7.50315964397188 28.1472 -10.6315
66.5287 26.9498693878131 -7.57910914598793 28.2181 -8.21962
67.21 26.9483143518499 -7.6558085161265 27.7857 -7.95623
67.8982 26.9467280557344 -7.73325665980283 27.9521 -8.29257
68.5935 26.9451095802774 -7.81147495353719 28.0729 -8.45958
69.296 26.9434582205872 -7.89047347226906 28.0197 -9.82886
70.0056 26.941773735878 -7.97023977029591 28.4079 -10.9688
70.7225 26.9400551683035 -8.05079509648217 27.6632 -9.86032
71.4467 26.9383020240068 -8.13213817745894 27.494 -8.51367
72.1784 26.9365133140299 -8.21429016265952 28.2383 -10.4789
72.9175 26.934688770579 -8.29723847418918 28.1345 -9.92315
73.6642 26.9328273801515 -8.38100417097903 27.5401 -8.79006
74.4186 26.9309283588021 -8.46559703254867 27.7402 -9.86002
75.1807 26.9289911641475 -8.5510155816869 27.8566 -9.36978
75.9506 26.9270149918444 -8.63726950996304 27.5931 -9.60472
76.7283 26.9249992839458 -8.72435726028 27.9249 -11.3228
77.5141 26.9229426894946 -8.81231081278131 27.5539 -9.60959
78.3079 26.9208448850086 -8.90111730968722 28.1059 -7.32333
79.1098 26.9187050167669 -8.99078623767882 28.0373 -10.4584
79.9199 26.9165222165143 -9.08132702494958 28.2931 -9.41827
80.7383 26.9142956013109 -9.17274903964687 28.3146 -9.66527
81.5651 26.9120242733834 -9.26506158827929 27.4301 -10.2549
82.4004 26.9097073199782 -9.35827391408998 28.4151 -11.8546
83.2442 26.9073440946352 -9.45238404530198 28.0236 -9.19517
84.0967 26.9049333782342 -9.54741225607648 27.8467 -8.84825
84.9579 26.9024744991763 -9.64335645251508 27.6304 -10.5337
85.8279 26.8999664917336 -9.74022562749531 28.1263 -10.8294
86.7068 26.8974083746325 -9.83802870272754 28.1474 -10.3024
87.5947 26.8947991509199 -9.93677452693866 27.6 -11.4967
88.4917 26.8921378078329 -10.0364718740197 27.7798 -11.3847
89.3979 26.8894233166709 -10.1371294411372 27.9384 -10.5055
90.3134 26.8866546326708 -10.2387558468079 27.9115 -11.1723
91.2383 26.8838306948854 -10.3413596289369 27.8553 -11.4563
92.1726 26.8809507357808 -10.4449381602824 28.0072 -11.6056
93.1165 26.8780133578963 -10.5495109090156 27.4873 -11.1462
94.07 26.8750177667702 -10.6550750920904 27.9583 -11.2132
95.0334 26.8719622073373 -10.7616610476434 27.8599 -12.7775
96.0066 26.8688461704819 -10.869254753516 28.182 -12.304
96.9897 26.8656685050489 -10.9778642453828 27.3985 -12.0927
97.9829 26.8624277152632 -11.0875084998367 28.0417 -11.5311
98.9863 26.8591226070014 -11.1981953362342 28.3056 -12.3052
100 26.855751969041 -11.3099324740202 28.7468 -11.7835
101.024 26.8523149102084 -11.4227165206917 28.6155 -12.2479
102.059 26.8488081519548 -11.5366210203888 28.0979 -14.4966
103.104 26.8452341630389 -11.6515323339711 28 -11.794
104.16 26.8415885993878 -11.7675567643699 28.5001 -13.2258
105.226 26.837873985077 -11.8845807075353 28.5224 -11.8189
106.304 26.8340823694842 -12.0028197703336 28.3486 -11.0508
107.392 26.8302198013876 -12.1220505569592 28.0944 -12.5534
108.492 26.8262781901039 -12.2424881302898 28.602 -14.1952
109.603 26.8222600744564 -12.364018659677 28.5724 -11.7759
110.726 26.8181607885157 -12.4867471023467 28.1675 -13.2301
111.859 26.8139866301268 -12.6104505233254 28.7821 -13.0683
113.005 26.8097254891334 -12.7354518608405 28.6632 -12.4324
114.162 26.8053836891872 -12.861528104305 28.4424 -14.1681
115.331 26.8009564120662 -12.9887834295127 28.1045 -13.7521
116.512 26.7964425365308 -13.1172127842621 27.9195 -14.2761
117.705 26.7918409374519 -13.2468110170702 27.857 -13.5426
118.911 26.7871465758796 -13.377681333646 28.0616 -14.5732
120.128 26.7823661045262 -13.5096013473757 28.1315 -16.1186
121.359 26.7774865498858 -13.642890611184 27.824 -13.4368
122.601 26.7725186112666 -13.7772185477776 27.54 -15.755
123.857 26.7674490930699 -13.9129037613011 27.9349 -14.7413
125.125 26.7622848147361 -14.0497240345886 28.3484 -13.874
126.407 26.7570163743717 -14.1878888933528 28.0271 -15.253
127.701 26.7516507321782 -14.3271763958467 28.2339 -16.2479
129.009 26.7461783335964 -14.4677953051778 28.1038 -16.4563
130.33 26.7406020429111 -14.6096312715083 28.1098 -15.9634
131.665 26.7349163169707 -14.7527846913233 28.0521 -17.182
133.013 26.7291240910721 -14.8971412312539 27.5608 -17.4446
134.375 26.7232197430941 -15.0428007460538 28.1597 -17.3
135.751 26.7172018892633 -15.1897556501061 28.295 -16.9559
137.141 26.7110691445534 -15.3379982176685 28.3726 -17.4386
138.546 26.7048156528142 -15.4876270027341 27.965 -17.044
139.964 26.6984489294395 -15.6384209998274 27.5591 -17.9026
141.398 26.691954059344 -15.7906908442016 27.7997 -18.2574
142.846 26.6853385966425 -15.9442153847051 28.2152 -18.4401
144.309 26.6785965277204 -16.0990919480012 28.0817 -16.0653
145.786 26.6717310171958 -16.2552058222965 28.2589 -18.8104
147.279 26.6647312661167 -16.4127591429941 28.4435 -16.0444
148.787 26.6576004017044 -16.5716367073603 27.8206 -18.6136
150.311 26.6503321356103 -16.731934023971 28.1327 -18.1409
151.85 26.6429296796285 -16.8935358925961 27.754 -18.6196
153.405 26.635386669186 -17.0565371251927 27.958 -20.2452
154.976 26.6277014914622 -17.2209270817889 27.9166 -18.0895
156.563 26.6198725371733 -17.3866949398831 28.231 -18.7829
158.167 26.6118932058561 -17.5539338619491 27.9747 -19.8256
159.786 26.6037718464274 -17.722424129215 28.2555 -20.2011
161.423 26.595491752462 -17.8924662797009 28.0269 -20.1322
163.076 26.5870613255328 -18.0638404033244 28.2395 -20.0097
164.746 26.5784738202023 -18.23663811172 28.2294 -17.9704
166.433 26.5697275350211 -18.4108468403823 28.4292 -21.8519
168.137 26.5608207761983 -18.5864538218452 28.0911 -20.2676
169.859 26.5517465675212 -18.7635488210087 28.2844 -21.1288
171.598 26.5425084382063 -18.9420154935497 28.249 -19.7133
173.356 26.5330939685989 -19.1220450442294 28.0607 -19.8319
175.131 26.523512084351 -19.3034183953413 28.0776 -21.695
176.924 26.5137556782415 -19.4862235789489 28.2144 -19.7952
178.736 26.5038174824797 -19.6705474965825 27.8093 -22.675
180.566 26.493701167916 -19.8562731413294 27.6926 -22.773
182.416 26.4833938129835 -20.043587617852 27.8167 -21.2964
184.284 26.4729047095301 -20.2322723131614 27.82 -21.593
186.171 26.4622264720037 -20.4224122512888 27.9333 -21.6886
188.077 26.4513572808873 -20.6139908468013 28.0412 -21.7944
190.003 26.4402895656063 -20.8070914094188 28.1022 -22.1078
191.949 26.4290214104645 -21.0016961034544 27.8313 -20.7692
193.915 26.4175509188384 -21.1977868363206 27.7258 -22.2843
195.9 26.4058821148345 -21.3952459186498 27.6644 -20.512
197.907 26.3939954419106 -21.5943527753887 27.5386 -22.7964
199.933 26.3819067690778 -21.7947905301478 28.241 -23.3464
201.981 26.3695963209584 -21.9968364565671 28.0012 -23.4435
204.049 26.3570742027351 -22.2002730453545 27.1663 -24.3167
206.139 26.3443264133843 -22.4052765735116 27.4214 -24.1812
208.25 26.3313571224217 -22.6117277878589 27.6238 -23.0795
210.382 26.3181644948287 -22.8196056902522 27.9296 -24.064
212.537 26.3047342169011 -23.0290831358864 28.2977 -25.4356
214.713 26.2910768460289 -23.2399432884386 27.3407 -24.2954
216.912 26.2771779552585 -23.452357248752 27.7179 -25.4112
219.133 26.2630419584037 -23.6662049836026 27.8412 -24.9377
221.377 26.2486606194848 -23.8815590595365 27.9852 -25.4269
223.644 26.2340320378576 -24.0983950067914 27.9644 -25.7961
225.934 26.2191543512293 -24.3166880746093 27.7456 -27.0196
228.248 26.2040191745177 -24.536508066848 27.6714 -27.4593
230.585 26.188631201506 -24.7577341866859 27.5032 -26.3116
232.947 26.1729753939082 -24.9805291709207 27.605 -27.3412
235.332 26.1570631833117 -25.2046775031738 27.9588 -28.9676
237.742 26.1408794479088 -25.4303399998781 27.6686 -28.0626
240.177 26.1244223270926 -25.6574881915877 27.7615 -27.9647
242.636 26.1076968336254 -25.8860005696928 27.5517 -26.5084
245.121 26.0906876051542 -26.116033956481 27.3231 -28.3141
247.631 26.0733997162535 -26.3474659308529 27.5708 -27.0139
250.167 26.0558245646174 -26.5803585639328 27.4285 -27.7826
252.729 26.0379604286075 -26.8146808941753 27.522 -29.1241
255.317 26.0198056456058 -27.050401686771 27.5155 -29.6143
257.932 26.0013515356551 -27.287579949952 27.3168 -29.2032
260.573 25.9826035534099 -27.5260926461868 27.5854 -29.4347
263.241 25.9635530623036 -27.7659974901151 27.2194 -30.1877
265.937 25.9441913262829 -28.0073503690229 26.9745 -29.4064
268.66 25.9245240001156 -28.2500274699017 27.0538 -30.2149
271.412 25.9045351215034 -28.4941718837087 27.2243 -31.2388
274.191 25.8842377728267 -28.7395707834232 27.1796 -29.8618
276.999 25.863615977167 -28.9863651407215 26.9591 -32.0079
279.835 25.8426757252251 -29.2344305789515 26.723 -32.3561
282.701 25.8214009161631 -29.4839046891331 26.9884 -29.45
285.596 25.7997976618056 -29.7346622144765 26.6889 -30.9264
288.521 25.7778572725403 -29.986751339106 26.9214 -31.5497
291.475 25.7555861068514 -30.2400472428127 27.0599 -33.073
294.46 25.7329679737285 -30.4946819280072 26.7342 -32.2118
297.476 25.7100017370278 -30.7506143807871 26.6751 -32.6578
300.522 25.6866940239198 -31.0077192113754 26.6755 -34.0677
303.599 25.6630362883124 -31.2660401291834 26.9049 -34.4366
306.708 25.6390199331552 -31.5256188635901 26.9182 -34.0868
309.849 25.61464409448 -31.7864123434157 26.7956 -36.2371
313.022 25.5899080092929 -32.0483773502186 26.8264 -34.3374
316.228 25.5648031690001 -32.3115523892022 26.8237 -35.4583
319.466 25.5393367957988 -32.5758111987801 26.7399 -34.6065
322.738 25.5134926074747 -32.8412720060842 26.7197 -35.4718
326.043 25.4872780081298 -33.1078078692478 26.4853 -37.4239
329.381 25.4606926635079 -33.375373629058 26.7391 -36.5608
332.754 25.4337203248426 -33.6440829147881 26.6078 -35.5148
336.162 25.4063606917302 -33.9138875048407 26.9744 -36.5837
339.605 25.3786135824846 -34.1847391300208 26.4363 -36.948
343.082 25.3504870391418 -34.456511587945 26.6638 -38.0179
346.596 25.3219568068534 -34.729390316685 26.6287 -36.4581
350.145 25.2930392144455 -35.003170206879 26.3372 -37.3635
353.731 25.2637181823038 -35.2779557700456 26.3955 -38.3497
357.353 25.2340021863604 -35.5536198831187 26.54 -39.7455
361.012 25.2038834496524 -35.8301882273685 26.1863 -37.629
364.709 25.1733542164432 -36.107684480586 26.4633 -37.4504
368.444 25.1424150553465 -36.386056045045 26.2205 -38.4719
372.217 25.1110666688778 -36.6652504443392 26.2153 -38.7408
376.029 25.0793015485321 -36.9452885452571 26.063 -38.3144
379.88 25.0471205945147 -37.2261165772697 26.2069 -39.9121
383.77 25.0145248446487 -37.5076809577351 26.2 -39.0912
387.7 24.9815070616737 -37.7899998848684 26.1769 -40.5716
391.67 24.9480684942678 -38.0730185918869 25.9342 -41.4157
395.681 24.9142020781657 -38.3567530341021 25.7072 -40.4511
399.733 24.8799092839276 -38.6411473290137 25.9486 -39.4757
403.826 24.8451917255223 -38.9261458970355 25.9401 -41.7167
407.962 24.8100341408679 -39.2118310790136 25.9433 -40.0911
412.14 24.7744468516653 -39.4980763916934 25.6019 -41.9844
416.36 24.7384318515195 -39.7848256418939 25.4928 -43.8948
420.624 24.7019741618485 -40.0721572535939 25.4361 -42.2332
424.931 24.6650845462323 -40.3599459455 25.9808 -42.8015
429.283 24.627748215177 -40.6482670609831 25.5812 -42.9649
433.679 24.5899762156867 -40.9369956810776 25.5998 -42.14
438.12 24.5517625724664 -41.2261393236246 25.7691 -41.2924
442.606 24.5131100314339 -41.5156395043929 25.5365 -44.2927
447.139 24.4740042213273 -41.8055656466902 26.0474 -41.2758
451.718 24.434456764226 -42.0957938691258 25.3251 -43.9549
456.344 24.3944621687174 -42.3863282469061 25.1207 -44.5373
461.017 24.3540237145417 -42.6771092506661 25.4532 -43.9181
465.738 24.3131361639363 -42.9681393809613 25.3532 -42.0301
470.507 24.2718030692624 -43.2593587428407 25.4791 -45.1803
475.326 24.2300107789745 -43.5508285567892 25.1839 -44.4883
480.193 24.1877804668658 -43.8423677008968 25.1865 -45.8068
485.111 24.1450900716822 -44.1340956371191 25.1468 -44.8326
490.078 24.101961061382 -44.4258334247038 24.8767 -43.0602
495.097 24.0583716347357 -44.7176969343807 25.0888 -43.1371
500.167 24.0143348618464 -45.0095667974346 24.6943 -46.3182
505.289 23.9698465850547 -45.3014402643135 24.5368 -45.1969
510.463 23.9249114716008 -45.5932570683039 24.8644 -45.0123
515.691 23.8795169616229 -45.8850689492795 24.5673 -45.9547
520.972 23.8336766882855 -46.1767591355782 24.7684 -45.8677
526.307 23.7873870574895 -46.4683229191053 24.4759 -43.8819
531.696 23.7406532923934 -46.7597005212024 24.1493 -45.3975
537.141 23.6934634171826 -47.0509396220964 24.6027 -44.7143
542.642 23.6458229471377 -47.3419791134249 24.638 -45.0267
548.199 23.5977375262925 -47.6327590092561 24.343 -45.2334
553.813 23.5492042813958 -47.9232719291715 24.3918 -45.3013
559.484 23.5002291261136 -48.2134584704835 24.2784 -47.6173
565.213 23.4508094707938 -48.503310734119 24.3082 -47.1116
571.001 23.4009428824163 -48.7928197413088 24.2527 -46.6559
576.849 23.3506270874754 -49.0819754679875 24.2622 -47.6085
582.756 23.2998771446676 -49.3706697033522 24.1875 -47.4743
588.724 23.2486824538086 -49.6589418741699 24.2077 -51.3671
594.753 23.1970497432732 -49.9467332740982 24.0509 -47.1039
600.843 23.1449858439821 -50.2339865453978 24.0336 -48.1792
606.996 23.092480632882 -50.5207383395048 23.806 -49.4691
613.212 23.0395412292625 -50.8069306736534 23.7047 -51.3612
619.492 22.9861663554379 -51.0925521854771 23.6977 -50.1793
625.835 22.932371838095 -51.3775014256391 23.5739 -46.278
632.244 22.8781397025424 -51.6618569849178 23.6432 -50.4432
638.719 22.8234775858964 -51.9455616673621 23.5934 -52.0795
645.26 22.768393206005 -52.2285597847583 23.562 -51.0231
651.867 22.7128943545486 -52.5107971655067 23.4035 -51.7231
658.543 22.6569637905092 -52.7923468694184 23.1287 -52.1045
665.287 22.6006179853079 -53.0731115542145 23.2949 -52.5264
672.1 22.543856742225 -53.3530792644931 23.3317 -52.2343
678.982 22.4866883129503 -53.6321971913116 23.3685 -52.3499
685.935 22.4291044631863 -53.9104936421451 22.9757 -51.6772
692.96 22.3711054558731 -54.187955068052 22.8778 -52.7226
700.056 22.3127081400117 -54.464490041602 22.7397 -51.4119
707.225 22.2539047319534 -54.7401254400371 22.7804 -53.2784
714.467 22.194704026495 -55.0148102944353 22.8482 -48.3632
721.784 22.1350985879458 -55.2885696249162 22.5584 -52.9864
729.175 22.075105548796 -55.561316096642 22.7667 -51.8061
736.642 22.014717730829 -55.833074533329 22.563 -55.0725
744.186 21.9539362581 -56.1038317789617 22.5488 -53.1887
751.807 21.8927704055809 -56.3735392585483 22.6447 -54.1017
759.506 21.8312214817212 -56.6421847751989 22.5053 -53.728
767.283 21.7692988754979 -56.9097217345544 22.326 -55.644
775.141 21.7069882378244 -57.1762062862953 22.214 -55.4116
783.079 21.6443071342044 -57.4415577621943 22.4197 -55.6783
791.098 21.5812572997819 -57.7057646079061 22.0994 -56.7893
799.199 21.5178405945893 -57.9688151156716 22.1983 -57.1492
807.383 21.4540590017475 -58.2306974506893 21.8758 -57.2012
815.651 21.3899146255537 -58.4913996769082 21.7956 -57.5685
824.004 21.3254096894611 -58.7509097822222 21.8669 -58.7911
832.442 21.2605542018303 -59.0091853222504 21.9431 -59.117
840.967 21.1953428762364 -59.2662454922606 21.9255 -58.74
849.579 21.129785872774 -59.5220487041691 21.5669 -58.7608
858.279 21.0638857547677 -59.7765841998001 21.6414 -58.7983
867.068 20.9976451907736 -60.0298412346506 21.7286 -59.4423
875.947 20.9310669521496 -60.28180909893 21.5521 -59.7298
884.917 20.8641539105529 -60.5324771379137 21.4723 -59.04
893.979 20.7969090353688 -60.7818347716034 21.2644 -59.9437
903.134 20.7293353910774 -61.0298715136847 21.1574 -59.2519
912.383 20.6614361345612 -61.2765769897754 21.3132 -58.3506
921.726 20.5932217933373 -61.521914901468 21.2304 -58.9846
931.165 20.5246883386273 -61.7659020194712 21.0607 -59.0341
940.7 20.4558463864665 -62.0085031515887 20.5122 -59.5423
950.334 20.3866849944667 -62.2497594089344 20.9162 -61.382
960.066 20.3172220959468 -62.4896111167399 20.7739 -62.8409
969.897 20.247461217256 -62.7280500703091 20.6428 -59.0477
979.829 20.1773989224585 -62.9650919316045 20.3424 -59.5763
989.863 20.107039003453 -63.2007277510783 20.5848 -61.6682
1000 20.0363853186686 -63.434948822922 20.6218 -57.7525
1010.24 19.9654486961938 -63.6677241491444 21.3641 -58.4397
1020.59 19.8941918100159 -63.899179725322 20.9942 -60.8985
1031.04 19.8226943683093 -64.129062196177 20.9017 -62.2998
1041.6 19.7508986958119 -64.357563569465 20.9008 -60.5931
1052.26 19.6788834013617 -64.5844411260868 20.9748 -58.0588
1063.04 19.60652451583 -64.8100906238663 20.5229 -63.3349
1073.92 19.5339673024573 -65.0340651798104 20.9398 -60.752
1084.92 19.4610892697139 -65.2567500439056 20.7375 -59.9708
1096.03 19.3879680760965 -65.477912852541 20.5182 -64.6603
1107.26 19.3145491754743 -65.6977245378606 20.6651 -63.7798
1118.59 19.2409737935737 -65.9157720814486 20.625 -64.1152
1130.05 19.1670580978971 -66.1326080582669 20.6419 -60.8437
1141.62 19.0929425826777 -66.3478260160995 20.438 -62.1033
1153.31 19.0185738745301 -66.5615904423227 19.8994 -62.9777
1165.12 18.9439631661889 -66.7738766775566 20.1476 -63.1322
1177.05 18.869121493869 -66.9846616999081 20.2957 -64.704
1189.11 18.7939976630631 -67.1940962483181 20.0529 -65.8966
1201.28 18.7187269718814 -67.4018131582125 19.9984 -60.9679
1213.59 18.6431350832373 -67.6083018095237 19.811 -63.5272
1226.01 18.5674172628645 -67.8130378166753 19.8794 -67.2219
1238.57 18.4914014892891 -68.0164961964022 19.9615 -62.1968
1251.25 18.4152201705725 -68.2183306608475 19.6915 -63.0419
1264.07 18.3387643326101 -68.4188389025822 19.7269 -65.7665
1277.01 18.2621642600512 -68.6176889366289 19.526 -64.0135
1290.09 18.1853123858911 -68.8151704869815 19.3733 -65.5169
1303.3 18.1082787705832 -69.0111123864671 19.3138 -64.0909
1316.65 18.0310162170523 -69.2056443369762 19.1671 -66.7736
1330.13 17.953593530116 -69.3986034492183 19.3561 -67.5892
1343.75 17.8759640134304 -69.590117166196 19.6154 -63.3846
1357.51 17.7981388715115 -69.7801674254631 19.3045 -61.5519
1371.41 17.7201291133283 -69.9687376314163 19.2545 -61.9453
1385.46 17.6418900819669 -70.1559446593799 18.9214 -64.4964
1399.64 17.5635437634499 -70.3415082528947 19.195 -62.222
1413.98 17.4849354654512 -70.5258051203876 18.3111 -64.4774
1428.46 17.4061863336151 -70.7085602097833 18.9446 -62.9347
1443.09 17.3272526362704 -70.8898866315609 18.8102 -63.1276
1457.86 17.2481987763192 -71.0696486228639 18.5719 -66.14
1472.79 17.1689285918697 -71.2480757857507 18.3938 -68.3905
1487.87 17.0895064954103 -71.4250328392213 18.4628 -66.2383
1503.11 17.0098909211591 -71.6006227707625 18.1119 -65.1555
1518.5 16.930144997973 -71.7747173208115 17.9374 -65.2742
1534.05 16.8502275793622 -71.9474178911126 18.1115 -64.7261
1549.76 16.7701497525948 -72.1187109600772 17.9139 -65.0411
1565.63 16.6899223842695 -72.2885843141165 17.9703 -64.3776
1581.67 16.6095061935794 -72.4571311139541 17.5487 -64.7542
1597.86 16.529011874796 -72.624131493803 17.2783 -65.6816
1614.23 16.4483010937945 -72.7898835884841 17.4382 -64.0788
1630.76 16.367483678802 -72.9541719427624 17.0043 -65.5805
1647.46 16.2865211091564 -73.1170870608795 17.6294 -67.1146
1664.33 16.2054241458129 -73.2786184814771 17.2193 -67.1921
1681.37 16.1242033206333 -73.4387569316439 17.5659 -65.6334
1698.59 16.0428218787791 -73.597585658681 17.419 -65.7886
1715.98 15.9613377586242 -73.755002865511 17.4372 -66.0189
1733.56 15.8796682907777 -73.9111786883833 17.484 -70.9351
1751.31 15.7979171977345 -74.0659256931415 17.5662 -70.5435
1769.24 15.7160483982388 -74.2193249232935 17.4847 -72.4596
1787.36 15.6340271626052 -74.3714520187877 16.9404 -68.8657
1805.66 15.5519094484495 -74.5222142351159 17.15 -69.5476
1824.16 15.469616544777 -74.671766368634 17.1323 -69.9208
1842.84 15.3872482117202 -74.8199378714409 17.0123 -71.4831
1861.71 15.3047703244368 -74.9668025619485 16.6018 -68.4912
1880.77 15.2221931944577 -75.1123537086229 17.3489 -70.2909
1900.03 15.1394841397759 -75.2566598122344 17.1779 -72.7704
1919.49 15.0566541282307 -75.399711930283 17.2102 -68.9601
1939.15 14.9737138777866 -75.5415022066315 16.8535 -70.5306
1959 14.8907154848832 -75.6819537468287 16.87 -70.5622
1979.07 14.8075442934698 -75.8212709929633 16.7289 -70.4812
1999.33 14.7243351629797 -75.9592388521233 16.6977 -70.1646
2019.81 14.6409751636203 -76.0960558237267 16.4386 -71.6115
2040.49 14.5575562901892 -76.2315815065134 16.4984 -70.434
2061.39 14.4740081991973 -76.3659411987844 16.4193 -70.4149
2082.5 14.3903814926725 -76.499063924257 16.7153 -69.3211
2103.82 14.3066860051245 -76.6309457803117 16.2232 -70.6592
2125.37 14.2228538773792 -76.7617039212903 16.1134 -70.4011
2147.13 14.1389733141237 -76.891211359384 16.1536 -71.6321
2169.12 14.0549773630183 -77.0195824463154 16.2069 -69.9286
2191.33 13.970914639522 -77.146753305991 15.7571 -69.6744
2213.77 13.8867574544577 -77.2727766209723 15.9024 -69.6811
2236.44 13.8025162306148 -77.3976470604055 15.7588 -70.653
2259.34 13.7182011329398 -77.5213601861196 15.7463 -72.4872
2282.48 13.6337857592475 -77.6439648871173 15.7971 -67.2846
2305.85 13.5493167492092 -77.7654039073957 15.3007 -69.1076
2329.47 13.4647322144568 -77.885776261158 15.2317 -69.2184
2353.32 13.3801139196882 -78.0049759427296 15.9216 -70.2656
2377.42 13.2954007875583 -78.1230996795863 15.2599 -70.7004
2401.77 13.2106034258165 -78.2401421743293 15.3412 -71.0399
2426.36 13.1257665157397 -78.3560523099344 15.1492 -69.1083
2451.21 13.0408311362086 -78.4709207328498 15.3272 -70.6464
2476.31 12.9558417683854 -78.5846970164972 14.7473 -71.5478
2501.67 12.8707745879695 -78.6974231053777 14.8138 -70.1682
2527.29 12.7856398426961 -78.8090950846865 14.8778 -68.4703
2553.17 12.7004475159707 -78.91970982436 14.7561 -69.7532
2579.32 12.6151748747837 -79.0293064466051 14.5557 -70.441
2605.73 12.5298644508376 -79.1378401741898 14.5537 -71.8762
2632.41 12.4444936012175 -79.2453499792951 14.6913 -69.1152
2659.37 12.3590406353002 -79.3518723790528 14.5186 -70.3193
2686.6 12.2735472904231 -79.4573648281279 14.5817 -70.2951
2714.12 12.1879609918771 -79.5619013813624 14.2865 -72.3218
2741.91 12.1023538937014 -79.6654033521092 13.9915 -69.9364
2769.99 12.0166740718397 -79.7679432369676 14.2768 -71.0871
2798.35 11.9309619022165 -79.8694821112855 14.4152 -70.8519
2827.01 11.8451669662038 -79.9700888206869 14.1602 -70.6151
2855.96 11.7593293898462 -80.069725144779 13.9124 -69.0494
2885.21 11.673429440859 -80.1684230916732 13.8835 -69.9391
2914.75 11.587506140185 -80.2661471676012 13.917 -69.1169
2944.6 11.5015111184459 -80.3629614647529 13.8302 -68.3406
2974.76 11.4154547440426 -80.4588626390271 13.3137 -70.1502
3005.22 11.3293752338902 -80.5538171690478 13.3419 -71.2125
3035.99 11.2432537452004 -80.6478551361519 13.5464 -67.9149
3067.08 11.1570722521468 -80.7410048028124 13.5735 -70.2373
3098.49 11.0708408482634 -80.8332636175711 13.1982 -70.2584
3130.22 10.9845693542158 -80.9246296693708 13.6136 -69.6831
3162.28 10.8982405247253 -81.0151296079426 13.1417 -70.1667
3194.66 10.8118909617397 -81.10473366783 13.0248 -67.9374
3227.38 10.7254771211129 -81.193495440039 13.5228 -70.0523
3260.43 10.6390353202195 -81.2813858212335 12.724 -70.8054
3293.81 10.5525748140658 -81.3684042220737 13.0957 -72.786
3327.54 10.4660535435001 -81.4546011950522 12.9932 -71.4852
3361.62 10.3794817310541 -81.5399742067754 12.9481 -71.1737
3396.05 10.2928693207855 -81.624521328008 12.1853 -73.2109
3430.82 10.2062507733417 -81.7082173740732 12.2484 -70.487
3465.96 10.1195611171128 -81.7911330403953 12.7374 -70.8835
3501.45 10.0328595485577 -81.8732194523986 12.4967 -70.6714
3537.31 9.94610678761701 -81.9545217538805 12.3859 -70.5119
3573.53 9.85933669324916 -82.0350160032371 12.1823 -71.4823
3610.12 9.77253470329371 -82.1147236910709 11.8534 -72.8662
3647.09 9.68568691719781 -82.1936650795599 11.6301 -74.2453
3684.44 9.5988032279736 -82.2718385405553 12.1179 -71.6054
3722.17 9.51189325274937 -82.3492429770312 11.7333 -72.0648
3760.29 9.42494363971725 -82.4258977069866 11.7336 -71.1668
3798.8 9.33796413474969 -82.5018014383986 11.6656 -73.562
3837.7 9.25096420953118 -82.5769533851183 11.5733 -72.2654
3877 9.16393102915564 -82.6513719903777 11.7693 -72.9023
3916.7 9.0768741795365 -82.7250562932107 11.6575 -71.9725
3956.81 8.9897813677541 -82.79802382376 11.5311 -72.0256
3997.33 8.90266227694562 -82.8702734867885 11.0728 -73.6839
4038.26 8.81552631582709 -82.9418046650781 10.4623 -73.5681
4079.62 8.728340671729 -83.0126511132285 11.0277 -73.0652
4121.4 8.64113622679646 -83.0827944595566 10.5346 -72.7258
4163.6 8.55392219701672 -83.1522344368796 10.5794 -72.9395
4206.24 8.46666680697958 -83.2210031412851 10.6328 -72.6334
4249.31 8.37940010973556 -83.2890835903393 10.7504 -72.3264
4292.83 8.29209119500292 -83.3565065237993 10.8622 -69.9456
4336.79 8.20476976187965 -83.4232555480832 10.6672 -73.3794
4381.2 8.1174253067064 -83.4893453902612 10.4992 -74.0243
4426.06 8.03006721122303 -83.554775565192 10.3364 -74.2584
4471.39 7.94266621476269 -83.6195743072265 10.2361 -73.3979
4517.18 7.85525129581688 -83.6837263812616 10.0659 -72.3834
4563.44 7.76781278235086 -83.7472452877938 9.76835 -73.0373
4610.17 7.6803601015439 -83.8101305106428 9.94863 -72.0769
4657.38 7.5928839704407 -83.8723949929266 10.2697 -74.5366
4705.07 7.50539382346271 -83.9340382230474 9.25125 -71.5423
4753.26 7.41786267446777 -83.9950851666431 9.13497 -72.3451
4801.93 7.3303362801919 -84.0555100006946 9.28079 -70.7553
4851.11 7.24277010923667 -84.1153495087761 9.48698 -71.1407
4900.78 7.15520918654868 -84.1745789034287 10.2087 -68.9583
4950.97 7.06761002624417 -84.2332335367365 9.17573 -70.3815
5001.67 6.97999973078277 -84.2913009678507 9.89006 -72.5567
5052.89 6.89237038902337 -84.3487922831796 9.94971 -71.7163
5104.63 6.80473135234773 -84.4057071435516 8.89915 -71.4837
5156.91 6.71705832618835 -84.46206691519 8.83744 -71.5992
5209.72 6.62937763706789 -84.5178602250591 9.20027 -72.0679
5263.07 6.54168195972519 -84.5730974132146 9.44973 -70.4698
5316.96 6.45398054579914 -84.6277782896202 8.87578 -73.9604
5371.41 6.36625031162273 -84.6819226943604 9.14994 -71.8955
5426.42 6.27850092857489 -84.7355299237815 8.99053 -71.5937
5481.99 6.19074178774146 -84.7885996303772 9.20663 -72.9677
5538.13 6.10296644814286 -84.8411410705631 9.15908 -71.7483
5594.84 6.01518422144211 -84.8931540021297 8.91319 -71.4323
5652.13 5.92738889738027 -84.9446474092684 8.9251 -72.6775
5710.01 5.83957460584471 -84.9956298762674 8.96483 -71.2711
5768.49 5.75173580724945 -85.0461096073507 8.34455 -70.2699
5827.56 5.66389687494959 -85.0960776976699 8.73533 -71.8697
5887.24 5.5760373672249 -85.1455508601147 8.54688 -73.3614
5947.53 5.48816675130483 -85.1945287008381 8.69657 -73.056
6008.43 5.40029421684271 -85.2430111426325 8.30208 -73.9484
6069.96 5.31240025480617 -85.2910138554091 8.25759 -73.0852
6132.12 5.22449436838134 -85.3385364209831 8.0376 -70.9944
6194.92 5.13657185189129 -85.3855861466395 8.23297 -73.1661
6258.35 5.04865586564737 -85.4321555031516 7.94856 -73.4673
6322.44 4.96071413033135 -85.478266330019 8.0569 -73.2056
6387.19 4.87275629242121 -85.5239180801676 8.06046 -73.8804
6452.6 4.78479171654662 -85.5691105093851 8.0939 -75.5551
6518.67 4.6968294908549 -85.6138436616465 7.23599 -71.605
6585.43 4.6088390904295 -85.6581375587262 7.5412 -75.7959
6652.87 4.52084323169642 -85.7019851571872 7.74077 -73.4538
6721 4.43283812174428 -85.7453928387067 7.84605 -75.4234
6789.82 4.34483293575122 -85.7883605631043 7.46755 -73.6021
6859.35 4.25681138382601 -85.8309006700258 7.62906 -76.2797
6929.6 4.16877038847278 -85.873018845359 7.43782 -76.9158
7000.56 4.08073178387824 -85.9147089366029 7.53654 -76.3266
7072.25 3.99267996731182 -85.9559826265503 7.20582 -77.062
7144.67 3.90462424617028 -85.9968397568686 7.45506 -76.937
7217.84 3.81654969868058 -86.0372913732707 6.95835 -76.4551
7291.75 3.72847766280199 -86.0773318000244 7.30582 -77.0466
7366.42 3.64039350898147 -86.1169718174232 6.8562 -76.9037
7441.86 3.55229490267871 -86.1562164462709 6.7607 -77.55
7518.07 3.46419120265137 -86.1950654952733 7.27638 -79.6546
7595.06 3.37608010308077 -86.2335239658723 6.56112 -80.001
7672.83 3.28797075608759 -86.2715918523679 6.93589 -83.4708
7751.41 3.19983856263875 -86.3092836294215 6.94744 -82.8418
7830.79 3.11170418937474 -86.3465942398729 6.62112 -82.4418
7910.98 3.02356570376417 -86.3835283661824 6.44035 -83.0121
7991.99 2.93542134219243 -86.4200905481532 6.51423 -82.5692
8073.83 2.84726950438143 -86.4562851900194 6.39808 -83.1302
8156.51 2.75910874793913 -86.4921165672112 6.17445 -82.8795
8240.04 2.67093778303568 -86.5275888328103 6.28573 -84.0735
8324.42 2.58276586391643 -86.5627019044403 6.30877 -81.2923
8409.67 2.49458138437645 -86.5974639935566 6.13586 -84.2117
8495.79 2.4063936731029 -86.6318749617358 6.16923 -81.024
8582.79 2.31820169499487 -86.6659387652077 5.7618 -84.85
8670.68 2.23000454873591 -86.6996592565099 5.5858 -83.5042
8759.47 2.14180146206727 -86.7330401896549 5.69734 -84.2386
8849.17 2.05359178717274 -86.766085225055 5.79517 -85.5113
8939.79 1.96537499617287 -86.7987979342156 5.34259 -82.3674
9031.34 1.87715067672616 -86.8311818042048 5.00263 -84.5167
9123.83 1.78891852773498 -86.8632402419113 5.07872 -85.4837
9217.26 1.70068775100565 -86.8949732159819 4.8459 -86.8424
9311.65 1.61244867020734 -86.9263874822697 5.04534 -84.9068
9407 1.52421050346233 -86.9574829983663 5.19057 -86.5756
9503.34 1.43595484886372 -86.9882694064907 4.56818 -86.7268
9600.66 1.34770022725838 -87.0187433716307 4.76408 -85.8303
9698.97 1.25944665022377 -87.0489080814566 4.70372 -85.9828
9798.29 1.17118537703115 -87.0787696367662 4.47725 -86.2219
9898.63 1.08291686187147 -87.1083309225345 4.57845 -86.2858
10000 0.994641635826989 -87.1375947738883 4.28582 -84.9984
